      0/99     7.89G   0.07088    0.1679         0    0.2388        98      1024    0.3385    0.9449    0.6921    0.2327   0.04507    0.1353         0
      1/99     7.89G   0.04962    0.1548         0    0.2044        92      1024    0.6195    0.9457    0.9295    0.4706   0.03761    0.1303         0
      2/99     7.89G   0.05002    0.1583         0    0.2084       137      1024    0.6341    0.9321    0.9147    0.4084   0.04186    0.1293         0
      3/99     7.89G   0.04283    0.1489         0    0.1917        54      1024    0.6575    0.9473    0.9363    0.4818   0.03657    0.1262         0
      4/99     7.89G   0.04008    0.1474         0    0.1875       236      1024    0.6877     0.948    0.9402    0.5002   0.03542    0.1251         0
      5/99     7.89G   0.03858    0.1438         0    0.1824       148      1024    0.6822    0.9495    0.9397    0.5056    0.0349    0.1246         0
      6/99     7.89G   0.03804    0.1436         0    0.1817        92      1024    0.7279    0.9462    0.9425    0.5146   0.03461    0.1237         0
      7/99     7.89G   0.03785    0.1423         0    0.1801        61      1024    0.7244    0.9495    0.9437    0.5218   0.03423    0.1236         0
      8/99     7.89G     0.037    0.1415         0    0.1785        93      1024    0.7316    0.9486    0.9435    0.5219   0.03415    0.1231         0
      9/99     7.89G   0.03654    0.1396         0    0.1761       101      1024    0.7471     0.946    0.9445    0.5244   0.03405    0.1235         0
     10/99     7.89G   0.03625    0.1387         0    0.1749        84      1024    0.7258    0.9517    0.9476    0.5294   0.03359    0.1227         0
     11/99     7.89G   0.03609    0.1386         0    0.1747       117      1024     0.733    0.9487    0.9444    0.5245   0.03386    0.1229         0
     12/99     7.89G   0.03579     0.136         0    0.1718       106      1024    0.7402    0.9505    0.9467    0.5334   0.03342    0.1224         0
     13/99     7.89G   0.03546    0.1369         0    0.1724        92      1024    0.7403    0.9488    0.9449    0.5231   0.03385    0.1229         0
     14/99     7.89G   0.03558    0.1382         0    0.1737        73      1024    0.7352    0.9503    0.9455    0.5257   0.03365    0.1232         0
     15/99     7.89G   0.03525    0.1367         0     0.172       118      1024    0.7525    0.9473    0.9457    0.5309   0.03358    0.1227         0
     16/99     7.89G   0.03517    0.1374         0    0.1726        40      1024    0.7453    0.9507    0.9474    0.5359   0.03316    0.1221         0
     17/99     7.89G   0.03493    0.1362         0    0.1711        96      1024    0.7458     0.949    0.9466    0.5335   0.03332    0.1224         0
     18/99     7.89G   0.03473    0.1355         0    0.1703        78      1024    0.7583    0.9489    0.9467    0.5349    0.0332     0.122         0
     19/99     7.89G   0.03459    0.1353         0    0.1699        53      1024    0.7607    0.9498     0.947    0.5357   0.03311    0.1221         0
     20/99     7.89G   0.03471    0.1363         0     0.171       115      1024    0.7618    0.9491    0.9465    0.5349   0.03319    0.1216         0
     21/99     7.89G   0.03473    0.1345         0    0.1692       153      1024    0.7577    0.9485    0.9465    0.5352   0.03314    0.1219         0
     22/99     7.89G   0.03438    0.1341         0    0.1685       131      1024    0.7588    0.9506    0.9477    0.5372   0.03306     0.122         0
     23/99     7.89G   0.03431    0.1352         0    0.1695        76      1024    0.7586    0.9494    0.9484    0.5381   0.03297    0.1221         0
     24/99     7.89G   0.03403    0.1334         0    0.1674       131      1024     0.746    0.9492    0.9462    0.5369    0.0331    0.1224         0
     25/99     7.89G   0.03419    0.1329         0    0.1671        71      1024    0.7582    0.9488    0.9473    0.5346   0.03315    0.1227         0
     26/99     7.89G   0.03385    0.1326         0    0.1664        43      1024    0.7616    0.9481    0.9466    0.5369   0.03299    0.1224         0
     27/99     7.89G   0.03394    0.1343         0    0.1683       143      1024    0.7549    0.9491    0.9468    0.5365   0.03305    0.1223         0
     28/99     7.89G   0.03381    0.1332         0     0.167        54      1024    0.7568    0.9491    0.9468    0.5393   0.03292    0.1225         0
     29/99     7.89G   0.03358     0.132         0    0.1656        77      1024     0.762      0.95    0.9471    0.5374   0.03302    0.1221         0
     30/99     7.89G   0.03364     0.131         0    0.1647       123      1024    0.7668    0.9488    0.9476    0.5402   0.03282    0.1221         0
     31/79     7.84G   0.03472    0.1341         0    0.1688        19      1024    0.7509     0.963    0.9603    0.5503   0.03237    0.1207         0
     32/79      7.7G   0.03324    0.1304         0    0.1636        29      1024    0.7824    0.9617    0.9617    0.5623   0.03158    0.1182         0
